210505 1710   6 -12  0.2   3.570106  OZ1SDB JO44 37          0     1    0
210505 1710   7  -5  1.3   3.570115  DO5SMC JO42 23          0     1    0
210505 1710   7  -2  0.2   3.570124  DO1JKF JN48 33          0     1    0
210505 1710   4 -17  0.1   3.570156  DL2XL JO31  0           0     1    0
210505 1710   6  -4  0.2   3.570163  DL9GCW JN48 33          0     1    0
210505 1710   8  15  0.6   3.570199  PA0O JO33 37            0     1    0
210505 1710   2 -12  1.4   7.040070  EA6FG JM19 27           0     1    0
210505 1710   5 -13 -4.1   7.040103  UR4UPQ KO50 30          0     1    0
210505 1710   3 -21  1.1   7.040121  EA6RD JM19 27           0     1    0
210505 1710   4 -18  0.1   7.040190  ON8EC JO20 37           0     1    0
210505 1710   5   2  0.5   7.040207  OE7XZB JN57 23          0     1    0
